4060320361373369|08|2025
4060320361372965|08|2025
4060320361372940|08|2025
4060320361379226|08|2025
4060320361370332|08|2025
4060320361375463|08|2025
4060320361376446|08|2025
4060320361371850|08|2025
4060320361378673|08|2025
4060320361376156|08|2025
4060320361375414|08|2025
4060320361379655|08|2025
4060320361370852|08|2025
4060320361372809|08|2025
4060320361372288|08|2025
4060320361374383|08|2025
4060320361370597|08|2025
4060320361374987|08|2025
4060320361376784|08|2025
4060320361373245|08|2025
4060320361379747|08|2025
4060320361376396|08|2025
4060320361379069|08|2025
4060320361377774|08|2025
4060320361379036|08|2025
4060320361375307|08|2025
4060320361371231|08|2025
4060320361376412|08|2025
4060320361376594|08|2025
4060320361372098|08|2025
4060320361373328|08|2025
4060320361376925|08|2025
4060320361371199|08|2025
4060320361375364|08|2025
4060320361376941|08|2025
4060320361375018|08|2025
4060320361370019|08|2025
4060320361376545|08|2025
4060320361375232|08|2025
4060320361370357|08|2025
4060320361374367|08|2025
4060320361375075|08|2025
4060320361371769|08|2025
4060320361371629|08|2025
4060320361379127|08|2025
4060320361371686|08|2025
4060320361376024|08|2025
4060320361370928|08|2025
4060320361371926|08|2025
4060320361370431|08|2025
4060320361378160|08|2025
4060320361374003|08|2025
4060320361375570|08|2025
4060320361376891|08|2025
4060320361377881|08|2025
4060320361371041|08|2025
4060320361372437|08|2025
4060320361375877|08|2025
4060320361371967|08|2025
4060320361372130|08|2025
4060320361372395|08|2025
4060320361370910|08|2025
4060320361370761|08|2025
4060320361378053|08|2025
4060320361370290|08|2025
4060320361378319|08|2025
4060320361370415|08|2025
4060320361378277|08|2025
4060320361373013|08|2025
4060320361379952|08|2025
4060320361375224|08|2025
4060320361371793|08|2025
4060320361376149|08|2025
4060320361375893|08|2025
4060320361374441|08|2025
4060320361370589|08|2025
4060320361376529|08|2025
4060320361379218|08|2025
4060320361378988|08|2025
4060320361374664|08|2025
4060320361370316|08|2025
4060320361373344|08|2025
4060320361376776|08|2025
4060320361377758|08|2025
4060320361379259|08|2025
4060320361378400|08|2025
4060320361373088|08|2025
4060320361375786|08|2025
4060320361375547|08|2025
4060320361375349|08|2025
4060320361376933|08|2025
4060320361374854|08|2025
4060320361377873|08|2025
4060320361370084|08|2025
4060320361376206|08|2025
4060320361379812|08|2025
4060320361371165|08|2025
4060320361372924|08|2025
4060320361372841|08|2025
4060320361379432|08|2025
4060320361379176|08|2025
4060320361374011|08|2025
4060320361372007|08|2025
4060320361370118|08|2025
4060320361379119|08|2025
4060320361379192|08|2025
4060320361378285|08|2025
4060320361372619|08|2025
4060320361371579|08|2025
4060320361370621|08|2025
4060320361376610|08|2025
4060320361376362|08|2025
4060320361378020|08|2025
4060320361376263|08|2025
4060320361371942|08|2025
4060320361372270|08|2025
4060320361375455|08|2025